1880   -19  -24   -9  -16  -10  -21  -18  -10  -14  -23  -21  -18    -17 ***   ****  -12  -16  -19  1880
1881   -20  -14    3    5    6  -19    0   -4  -16  -22  -18   -7     -9 -10    -17    5   -8  -19  1881
1882    16   13    4  -17  -14  -23  -17   -7  -14  -24  -17  -36    -11  -9      7   -9  -16  -18  1882
1883   -29  -37  -12  -18  -17   -8   -7  -14  -21  -11  -23  -11    -18 -20    -34  -16  -10  -19  1883
1884   -13   -8  -36  -40  -34  -35  -31  -28  -27  -25  -34  -31    -29 -27    -11  -37  -32  -29  1884
1885   -59  -34  -27  -42  -45  -44  -34  -32  -29  -24  -24  -10    -34 -35    -41  -38  -37  -25  1885
1886   -44  -51  -43  -28  -25  -35  -18  -31  -24  -28  -28  -26    -32 -30    -35  -32  -28  -27  1886
1887   -72  -57  -36  -35  -31  -25  -26  -36  -26  -36  -27  -33    -37 -36    -52  -34  -29  -29  1887
1888   -34  -36  -41  -20  -22  -17  -11  -16  -12    1    3   -4    -18 -20    -35  -28  -15   -3  1888
1889    -9   16    6    9   -1  -10   -8  -20  -24  -25  -34  -29    -11  -9      1    5  -13  -28  1889
1890   -42  -45  -40  -30  -39  -25  -28  -39  -36  -25  -44  -32    -35 -35    -39  -37  -31  -35  1890
1891   -34  -46  -18  -27  -16  -21  -18  -18  -15  -22  -32   -5    -23 -25    -37  -21  -19  -23  1891
1892   -30  -12  -41  -34  -24  -23  -32  -28  -17  -14  -43  -39    -28 -25    -15  -33  -27  -25  1892
1893   -81  -56  -22  -27  -34  -25  -14  -25  -22  -18  -19  -32    -31 -32    -59  -28  -21  -20  1893
1894   -52  -29  -23  -45  -31  -40  -24  -24  -28  -23  -26  -21    -30 -31    -38  -33  -29  -25  1894
1895   -41  -43  -33  -22  -27  -21  -17  -17  -12  -11  -17  -14    -23 -23    -35  -27  -18  -13  1895
1896   -22  -12  -26  -30  -15  -11   -2   -5   -7    6   -4   -4    -11 -12    -16  -24   -6   -2  1896
1897   -15  -16  -13   -2   -1  -11   -2   -9   -8  -13  -18  -20    -11  -9    -12   -5   -8  -13  1897
1898    -2  -30  -51  -31  -30  -19  -23  -27  -21  -34  -38  -23    -27 -27    -17  -37  -23  -31  1898
1899   -16  -38  -35  -19  -23  -31  -15   -8   -4   -3   13  -26    -17 -17    -26  -26  -18    2  1899
1900   -36   -5    1   -8   -8  -10  -12   -9   -5   10   -7   -6     -8 -10    -22   -5  -10   -1  1900
1901   -21  -11    6   -2  -15  -11  -14  -20  -22  -29  -16  -26    -15 -13    -13   -3  -15  -22  1901
1902   -16   -8  -26  -27  -32  -31  -27  -30  -28  -29  -36  -41    -28 -26    -17  -29  -29  -31  1902
1903   -24   -6  -23  -41  -39  -42  -34  -45  -49  -46  -41  -50    -37 -36    -24  -34  -40  -45  1903
1904   -62  -58  -50  -50  -51  -48  -51  -49  -55  -39  -17  -33    -47 -48    -57  -51  -49  -37  1904
1905   -34  -59  -21  -34  -29  -28  -26  -20  -19  -25   -7  -12    -26 -28    -42  -28  -25  -17  1905
1906   -28  -29  -18   -5  -26  -20  -23  -20  -28  -20  -38  -14    -22 -22    -23  -16  -21  -28  1906
1907   -43  -51  -27  -37  -46  -42  -35  -34  -34  -22  -46  -47    -39 -36    -36  -37  -37  -34  1907
1908   -44  -32  -55  -44  -37  -38  -34  -46  -35  -44  -52  -49    -42 -42    -41  -45  -39  -43  1908
1909   -72  -45  -54  -58  -54  -52  -45  -34  -38  -39  -32  -56    -48 -48    -55  -55  -43  -36  1909
1910   -42  -40  -50  -42  -34  -38  -34  -37  -38  -41  -57  -67    -43 -42    -46  -42  -36  -45  1910
1911   -62  -58  -60  -54  -51  -50  -42  -43  -40  -26  -21  -21    -44 -48    -62  -55  -45  -29  1911
1912   -27  -16  -39  -18  -22  -24  -42  -55  -57  -58  -39  -43    -37 -35    -21  -26  -40  -51  1912
1913   -41  -45  -43  -40  -44  -45  -36  -33  -34  -32  -20   -3    -35 -38    -43  -42  -38  -29  1913
1914     4  -10  -24  -30  -21  -25  -24  -16  -16   -3  -15   -4    -15 -15     -3  -25  -22  -12  1914
1915   -21   -4  -10    6   -7  -22  -13  -22  -20  -24  -13  -21    -14 -13    -10   -4  -19  -19  1915
1916   -13  -15  -28  -30  -35  -49  -37  -28  -36  -34  -46  -81    -36 -31    -16  -31  -38  -38  1916
1917   -57  -63  -63  -54  -54  -43  -25  -22  -22  -44  -33  -67    -46 -47    -67  -57  -30  -33  1917
1918   -47  -34  -25  -44  -43  -36  -32  -31  -17   -6  -11  -29    -30 -33    -50  -37  -33  -12  1918
1919   -20  -23  -21  -12  -28  -36  -29  -33  -25  -20  -42  -42    -28 -27    -24  -20  -33  -29  1919
1920   -24  -27  -12  -24  -27  -36  -30  -26  -21  -26  -26  -46    -27 -27    -31  -21  -31  -25  1920
1921    -5  -18  -23  -30  -30  -27  -15  -26  -18   -3  -14  -17    -19 -21    -23  -27  -22  -12  1921
1922   -33  -44  -14  -23  -32  -30  -27  -33  -35  -31  -14  -19    -28 -28    -32  -23  -30  -27  1922
1923   -27  -39  -34  -40  -33  -29  -31  -34  -31  -13   -2   -3    -26 -28    -28  -36  -31  -16  1923
1924   -22  -23   -8  -30  -18  -26  -29  -36  -32  -35  -20  -43    -27 -24    -16  -19  -30  -29  1924
1925   -37  -39  -27  -25  -29  -33  -27  -21  -19  -17    5    6    -22 -26    -40  -27  -27  -11  1925
1926    21    3   11  -13  -23  -26  -27  -13  -14  -11   -6  -29    -11  -8     10   -8  -22  -11  1926
1927   -27  -17  -39  -30  -26  -27  -19  -24  -12   -1   -5  -33    -22 -21    -24  -31  -23   -6  1927
1928    -2   -9  -25  -28  -30  -39  -19  -22  -21  -19   -9  -16    -20 -21    -15  -27  -27  -16  1928
1929   -45  -58  -32  -41  -38  -43  -36  -32  -25  -14  -11  -54    -36 -33    -40  -37  -37  -17  1929
1930   -30  -26  -10  -24  -24  -22  -21  -15  -15  -11   18   -5    -15 -20    -37  -19  -19   -3  1930
1931   -10  -20  -10  -23  -19   -8   -3   -3   -6    6   -5   -5     -9  -9    -12  -17   -5   -2  1931
1932    16  -16  -18   -5  -17  -28  -24  -21  -10   -9  -27  -26    -15 -14     -2  -13  -25  -15  1932
1933   -23  -29  -29  -24  -28  -33  -21  -23  -28  -24  -30  -44    -28 -27    -26  -27  -26  -28  1933
1934   -20   -2  -28  -30   -9  -15  -10  -12  -14   -6    4   -2    -12 -15    -22  -22  -12   -5  1934
1935   -33   15  -14  -37  -28  -26  -21  -22  -21   -6  -25  -16    -19 -18     -7  -26  -23  -17  1935
1936   -27  -37  -20  -20  -16  -21   -9  -13   -8   -2    2    0    -14 -16    -27  -18  -15   -3  1936
1937    -7    3  -20  -15   -5   -4   -3    2   10    9    8   -7     -2  -2     -1  -14   -2    9  1937
1938     9    4   10    7   -9  -17   -9   -5    1   15    8  -12      0   1      2    3  -10    8  1938
1939    -5   -6  -17  -10   -4   -7   -5   -6   -7   -3    8   43     -2  -6     -7  -10   -6   -1  1939
1940     0    8    9   18   11   12   13    7   15   11   16   31     13  14     17   13   10   14  1940
1941    18   31   10   16   17   13   22   15    2   35   23   22     19  19     27   14   17   20  1941
1942    29    2    5    9   11    5    0   -4   -3    2    9   13      7   7     18    9    0    3  1942
1943    -1   18   -3   11    7   -5    9    0    5   23   20   23      9   8     10    5    1   16  1943
1944    36   24   26   19   19   15   18   18   28   26   11    4     20  22     28   21   17   22  1944
1945    10    1    6   19    6    1    4   26   20   18    7   -7      9  10      5   11   10   15  1945
1946    15    3    1    6   -7  -21  -12  -20   -7   -8   -5  -31     -7  -5      4    0  -18   -7  1946
1947    -6   -8    7    6   -2   -2   -4   -7  -12    7    3  -13     -3  -4    -15    4   -4   -1  1947
1948     7  -14  -24  -12   -1   -5  -11  -12  -14   -5  -12  -23    -11 -10     -7  -12   -9  -10  1948
1949     7  -14   -2  -11  -10  -27  -13  -13  -14   -6  -10  -18    -11 -11    -10   -8  -18  -10  1949
1950   -26  -26   -7  -21  -11   -5   -8  -16  -11  -20  -34  -22    -17 -17    -23  -13  -10  -22  1950
1951   -34  -41  -20  -14    0   -6   -1    6    5    8   -1   16     -7 -10    -32  -11    0    4  1951
1952    11   11   -8    3   -3   -3    4    5    7    0  -13   -2      1   3     13   -2    2   -2  1952
1953     7   15   11   19   11   12    1    5    5    8   -3    5      8   8      7   14    6    3  1953
1954   -24  -10  -15  -14  -20  -19  -19  -18  -10   -2    8  -18    -13 -11    -10  -16  -18   -1  1954
1955    13  -16  -32  -22  -20  -14  -11    2  -11   -5  -25  -28    -14 -13     -7  -25   -8  -14  1955
1956   -13  -24  -21  -28  -29  -15   -9  -26  -19  -23  -15   -6    -19 -21    -22  -26  -17  -19  1956
1957    -9   -3   -5    0    9   16    2   15    9    1    8   15      5   3     -6    1   11    6  1957
1958    39   22    8    1    6   -8    5   -5   -2    4    2    1      6   7     25    5   -3    1  1958
1959     8    7   18   16    4    3    3   -1   -6   -7   -8    0      3   3      5   13    2   -7  1959
1960     0   13  -35  -15   -8   -4   -4    2    7    6  -11   19     -3  -4      4  -19   -2    0  1960
1961     7   19    9   13   12   11    1    1    8    0    3  -16      6   9     15   11    4    4  1961
1962     5   15   10    5   -6    3    2   -1    0    1    6   -3      3   2      1    3    1    2  1962
1963    -3   18  -14   -7   -6    5    6   23   17   14   15   -3      5   5      4   -9   11   16  1963
1964    -9  -10  -21  -32  -25   -4   -4  -22  -29  -31  -21  -29    -20 -18     -7  -26  -10  -27  1964
1965    -8  -17  -13  -19  -12   -8  -13   -4  -15   -5   -6   -8    -11 -12    -18  -15   -8   -9  1965
1966   -19   -4    3  -13  -12    1    8   -8   -3  -17   -1   -3     -6  -6    -10   -7    0   -7  1966
1967    -7  -21    5   -5   12   -8    2    1   -6    9   -5   -5     -2  -2    -10    4   -2   -1  1967
1968   -26  -14   20   -6  -14   -9  -13   -9  -19    9   -5  -14     -8  -8    -15    0  -10   -5  1968
1969   -11  -18    1   17   18    3   -4    4    8    9   12   24      5   2    -14   12    1   10  1969
1970     8   22    6    5   -3   -3    1  -10   12    3    2  -12      3   6     18    3   -4    6  1970
1971    -2  -15  -18   -7   -5  -17   -8   -1   -6   -4   -7   -8     -8  -9    -10  -10   -8   -6  1971
1972   -22  -18    2    0   -3    4    1   16    2    8    2   18      1  -1    -16    0    7    4  1972
1973    29   32   29   27   23   19   13    5    9   10    5   -7     16  18     26   26   12    8  1973
1974   -10  -26   -5  -11   -4   -5   -3   10   -8   -5   -8   -8     -7  -7    -14   -7    1   -7  1974
1975    10    8   12    4   16   -1   -1  -17   -3  -11  -17  -17     -1  -1      3   11   -6  -10  1975
1976    -3   -6  -22   -7  -21  -12  -10  -12   -7  -24   -6   11    -10 -12     -9  -16  -12  -12  1976
1977    18   22   24   26   33   27   20   18    2    3   16    3     18  18     17   28   22    7  1977
1978     6   10   19   17    9   -1    4  -13    6    3   14    8      7   6      6   15   -4    8  1978
1979     9  -10   19   15    4   14    4   17   25   26   28   48     16  13      2   13   11   26  1979
1980    30   39   30   30   35   20   22   18   20   13   30   22     26  28     39   32   20   21  1980
1981    53   42   48   32   24   29   32   35   15   12   23   41     32  31     39   35   32   17  1981
1982     5   15    3   15   18    5   15    3   14   13   18   42     14  14     20   12    8   15  1982
1983    53   43   41   27   34   22   18   36   37   17   30   17     31  33     46   34   25   28  1983
1984    31   14   26    6   33    2   19   19   21   14    7   -4     16  17     21   22   14   14  1984
1985    22   -4   17   12   14   15    4   17   13   11    5   14     12  10      5   15   12   10  1985
1986    26   37   30   22   21   12   11   16    3   15   10   13     18  18     26   25   13   10  1986
1987    32   43   18   24   25   35   40   25   35   33   29   46     32  29     29   23   33   32  1987
1988    56   44   51   42   44   40   33   39   36   38   12   29     39  40     49   46   37   29  1988
1989    12   30   36   29   17   15   34   33   34   29   20   37     27  27     24   27   27   28  1989
1990    41   44   80   56   45   37   45   34   23   44   46   40     45  44     41   60   39   38  1990
1991    42   50   35   51   35   53   47   39   44   29   30   32     41  41     44   40   46   34  1991
1992    47   40   48   27   31   26    9    8   -1    6    3   22     22  23     40   35   14    3  1992
1993    34   37   36   28   28   23   25   11   11   23    4   18     23  23     31   31   20   13  1993
1994    26    2   29   41   28   44   30   21   31   42   44   39     31  30     15   33   32   39  1994
1995    52   79   47   47   27   43   45   45   33   47   44   26     45  46     57   40   44   41  1995
1996    24   46   32   33   27   25   36   48   25   24   38   37     33  32     32   31   37   29  1996
1997    33   40   52   33   34   54   33   41   52   61   64   59     46  45     37   40   43   59  1997
1998    58   88   63   63   68   77   66   65   42   41   43   55     61  61     68   65   69   42  1998
1999    48   64   32   32   26   36   38   31   38   34   37   40     38  39     56   30   35   36  1999
2000    25   56   55   57   36   40   39   42   38   26   30   28     39  40     40   49   40   32  2000
2001    45   44   55   50   58   52   59   49   52   50   72   56     54  51     39   54   53   58  2001
2002    77   79   88   58   64   53   62   53   63   54   59   44     63  64     70   70   56   59  2002
2003    74   58   60   55   60   48   58   65   62   73   53   75     62  59     59   58   57   63  2003
2004    58   73   63   61   37   44   26   46   50   61   72   51     53  55     68   54   39   61  2004
2005    74   60   74   67   63   65   61   60   71   75   73   68     68  66     62   68   62   73  2005
2006    56   73   63   47   48   66   54   70   65   70   74   79     64  63     66   53   63   70  2006
2007   102   70   71   76   69   61   59   60   60   59   59   50     66  69     84   72   60   59  2007
2008    30   38   75   54   50   49   60   45   61   67   69   54     54  54     39   59   52   66  2008
2009    65   52   53   61   65   64   73   69   71   66   79   67     66  64     57   60   69   72  2009
2010    75   83   92   85   75   68   63   67   63   71   81   45     72  74     75   84   66   72  2010
2011    52   48   65   64   53   62   70   75   56   65   59   60     61  60     49   61   69   60  2011
2012    47   49   56   72   78   64   58   66   72   80   78   53     65  65     52   69   63   77  2012
2013    71   62   67   53   60   69   60   70   76   69   83   70     67  66     62   60   66   76  2013
2014    76   55   78   80   86   67   58   83   87   80   66   78     75  74     67   81   69   78  2014
2015    87   90   96   75   79   81   73   79   85  109  106  117     90  87     85   83   78  100  2015
2016   118  137  135  109   95   81   84  102   90   88   92   87    101 104    124  113   89   90  2016
2017   103  114  116   94   91   72   82   87   77   90   88   93     92  92    101  101   80   85  2017
2018    83   85   88   88   81   77   83   77   80  101   82   92     85  85     87   86   79   88  2018
2019    93   95  117  101   85   90   94   95   92  100   99  109     98  96     93  101   93   97  2019
2020   117  124  117  112  101   91   89   87   98   88  110   80    101 104    117  110   89   99  2020
2021    81   64   89   76   79   84   92   82   92   99   93   86     85  84     75   81   86   95  2021
2022    91   89  105   84   84   92   94   95   89   96   73   80     89  90     89   91   94   86  2022
2023    88   98  122  100   94  108  119  119  148  134  143  135    117 113     89  105  115  141  2023
2024   122  143  140  132  116  121 **** **** **** **** **** ****   **** ***    134  129 **** ****  2024